<path fill="#C92457" d="M 43.335938 53.339844 L 44.554688 55.992188 C 47.636719 54.269531 49.855469 53.125 52.652344 53.125 L 62.828125 53.125 L 62.828125 83.296875 L 52.867188 83.296875 L 52.867188 67.386719 C 52.867188 64.589844 53.800781 62.726562 56.449219 60.433594 L 54.371094 58.355469 C 52.078125 61.007812 50.214844 61.941406 47.421875 61.941406 L 41.042969 61.941406 C 38.246094 61.941406 36.382812 61.007812 34.089844 58.355469 L 32.011719 60.433594 C 34.664062 62.726562 35.59375 64.589844 35.59375 67.386719 L 35.59375 83.296875 L 25.632812 83.296875 L 25.632812 32.265625 L 35.59375 32.265625 L 35.59375 53.125 L 52.507812 32.265625 L 64.621094 32.265625 L 50.71875 48.964844 C 48.925781 51.117188 46.632812 52.046875 43.335938 53.339844"/>
<path fill="#FCBF3D" d="M 84.757812 83.296875 L 94.574219 83.296875 L 94.574219 50.113281 L 84.757812 50.113281 Z M 82.75 38.863281 C 82.75 34.992188 85.832031 31.910156 89.628906 31.835938 C 93.285156 31.765625 96.65625 34.703125 96.65625 38.789062 C 96.65625 42.875 93.285156 45.8125 89.773438 45.8125 C 85.976562 45.8125 82.75 42.730469 82.75 38.863281"/>
<path fill="#8778B8" d="M 140.226562 83.296875 L 130.261719 83.296875 L 130.261719 41.152344 L 116.933594 41.152344 L 116.933594 32.265625 L 153.558594 32.265625 L 153.558594 41.152344 L 140.226562 41.152344 Z M 140.226562 83.296875"/>
<path fill="#F29EBF" d="M 57.097656 137.644531 C 52.867188 142.085938 48.136719 143.449219 42.6875 143.449219 C 36.882812 143.449219 32.585938 141.515625 29.070312 138.074219 C 23.984375 132.984375 23.910156 127.25 23.910156 117.503906 C 23.910156 107.757812 23.984375 102.023438 29.070312 96.933594 C 32.585938 93.496094 36.882812 91.558594 42.6875 91.558594 C 54.585938 91.558594 60.535156 99.300781 61.898438 107.898438 L 51.863281 107.898438 C 50.71875 103.027344 47.777344 100.445312 42.6875 100.445312 C 39.96875 100.445312 37.816406 101.519531 36.3125 103.167969 C 34.449219 105.320312 33.875 107.757812 33.875 117.503906 C 33.875 127.25 34.449219 129.757812 36.3125 131.910156 C 37.816406 133.558594 39.96875 134.5625 42.6875 134.5625 C 45.773438 134.5625 48.207031 133.488281 49.785156 131.695312 C 51.433594 129.832031 52.078125 127.539062 52.078125 124.886719 L 52.078125 123.023438 L 42.6875 123.023438 L 42.6875 114.636719 L 61.96875 114.636719 L 61.96875 122.089844 C 61.96875 129.472656 60.824219 133.773438 57.097656 137.644531"/>
<path fill="#30B082" d="M 80.597656 117.933594 C 82.894531 115.28125 84.757812 114.351562 87.550781 114.351562 L 91.492188 114.351562 C 95.867188 114.351562 98.734375 111.554688 98.734375 107.613281 C 98.734375 103.671875 95.867188 100.875 91.492188 100.875 L 87.550781 100.875 C 84.757812 100.875 82.894531 99.945312 80.597656 97.292969 L 78.519531 99.371094 C 81.171875 101.664062 82.105469 103.527344 82.105469 106.324219 L 82.105469 108.902344 C 82.105469 111.699219 81.171875 113.5625 78.519531 115.855469 Z M 89.273438 122.664062 L 87.550781 122.664062 C 84.757812 122.664062 82.894531 121.730469 80.597656 119.082031 L 78.519531 121.160156 C 81.171875 123.453125 82.105469 125.316406 82.105469 128.113281 L 82.105469 143.019531 L 72.140625 143.019531 L 72.140625 91.988281 L 92.136719 91.988281 C 102.53125 91.988281 108.695312 99.085938 108.695312 107.613281 C 108.695312 115.925781 103.894531 121.519531 96.441406 122.378906 L 96.441406 125.386719 C 99.878906 125.03125 101.816406 126.105469 103.105469 128.542969 L 110.773438 143.019531 L 99.234375 143.019531 Z M 89.273438 122.664062"/>
<path fill="#24B0E3" d="M 143.019531 103.167969 C 141.660156 101.523438 139.582031 100.445312 136.859375 100.445312 C 134.132812 100.445312 131.984375 101.523438 130.550781 103.167969 C 128.617188 105.320312 128.183594 107.757812 128.183594 117.503906 L 128.183594 125.601562 L 145.457031 125.601562 L 145.457031 117.503906 C 145.457031 107.757812 144.882812 105.320312 143.019531 103.167969 M 118.222656 117.503906 C 118.222656 107.757812 118.152344 102.023438 123.238281 96.933594 C 126.679688 93.492188 130.980469 91.558594 136.859375 91.558594 C 142.734375 91.558594 146.960938 93.492188 150.332031 96.933594 C 155.347656 102.09375 155.421875 107.757812 155.421875 117.503906 L 155.421875 143.019531 L 145.457031 143.019531 L 145.457031 134.203125 L 128.183594 134.203125 L 128.183594 143.019531 L 118.222656 143.019531 Z M 118.222656 117.503906"/>
<path fill="#ED754D" d="M 34.089844 157.011719 L 32.011719 159.09375 C 34.664062 161.386719 35.59375 163.25 35.59375 166.042969 L 35.59375 167.691406 C 35.59375 170.488281 34.664062 172.351562 32.011719 174.644531 L 34.089844 176.722656 C 36.382812 174.070312 38.246094 173.140625 41.042969 173.140625 L 55.734375 173.140625 L 55.734375 182.027344 L 41.042969 182.027344 C 38.246094 182.027344 36.382812 181.09375 34.089844 178.445312 L 32.011719 180.523438 C 34.664062 182.816406 35.59375 184.679688 35.59375 187.476562 L 35.59375 202.742188 L 25.632812 202.742188 L 25.632812 151.710938 L 59.246094 151.710938 L 59.246094 160.597656 L 41.042969 160.597656 C 38.246094 160.597656 36.382812 159.667969 34.089844 157.011719"/>
<path fill="#1757A3" d="M 82.105469 202.742188 L 91.921875 202.742188 L 91.921875 169.558594 L 82.105469 169.558594 Z M 80.097656 158.304688 C 80.097656 154.433594 83.179688 151.351562 86.976562 151.28125 C 90.632812 151.207031 94.003906 154.148438 94.003906 158.234375 C 94.003906 162.316406 90.632812 165.257812 87.121094 165.257812 C 83.324219 165.257812 80.097656 162.175781 80.097656 158.304688"/>
<path fill="#E84045" d="M 135.78125 172.78125 L 137 175.433594 C 140.082031 173.714844 142.304688 172.566406 145.101562 172.566406 L 155.277344 172.566406 L 155.277344 202.742188 L 145.316406 202.742188 L 145.316406 186.828125 C 145.316406 184.035156 146.246094 182.171875 148.898438 179.878906 L 146.820312 177.796875 C 144.527344 180.449219 142.664062 181.382812 139.867188 181.382812 L 133.488281 181.382812 C 130.695312 181.382812 128.832031 180.449219 126.539062 177.796875 L 124.457031 179.878906 C 127.109375 182.171875 128.042969 184.035156 128.042969 186.828125 L 128.042969 202.742188 L 118.078125 202.742188 L 118.078125 151.710938 L 128.042969 151.710938 L 128.042969 172.566406 L 144.957031 151.710938 L 157.070312 151.710938 L 143.164062 168.410156 C 141.371094 170.558594 139.078125 171.492188 135.78125 172.78125"/>
<path fill="#000000" d="M 24.105469 242.539062 L 28.851562 242.539062 L 28.851562 247.25 L 24.105469 247.25 Z M 24.105469 242.539062"/>
<path fill="#000000" d="M 45.542969 237.761719 L 37.867188 237.761719 L 37.867188 247.25 L 33.4375 247.25 L 33.4375 224.574219 L 37.867188 224.574219 L 37.867188 233.84375 L 45.542969 233.84375 L 45.542969 224.574219 L 49.96875 224.574219 L 49.96875 247.25 L 45.542969 247.25 Z M 45.542969 237.761719"/>
<path fill="#000000" d="M 65.671875 238.84375 C 67.265625 238.84375 68.761719 237.539062 68.761719 235.722656 C 68.761719 233.90625 67.265625 232.601562 65.609375 232.601562 C 63.921875 232.601562 62.519531 234.003906 62.519531 235.722656 C 62.519531 237.472656 63.984375 238.84375 65.671875 238.84375 M 70.003906 228.523438 L 59.492188 228.523438 L 59.492188 243.300781 L 70.003906 243.300781 L 70.003906 247.25 L 55.035156 247.25 L 55.035156 224.574219 L 70.003906 224.574219 Z M 70.003906 228.523438"/>
<path fill="#000000" d="M 81.34375 247.441406 C 82.902344 247.410156 84.335938 246.234375 84.335938 244.386719 C 84.335938 242.632812 82.902344 241.390625 81.277344 241.390625 C 79.65625 241.390625 78.285156 242.792969 78.285156 244.417969 C 78.285156 246.167969 79.6875 247.476562 81.34375 247.441406 M 91.054688 247.25 L 86.503906 247.25 L 81.40625 231.742188 L 76.117188 247.25 L 71.566406 247.25 L 79.621094 225.210938 L 82.96875 225.210938 Z M 91.054688 247.25"/>
<path fill="#000000" d="M 97.171875 247.441406 C 94.71875 247.441406 93.03125 246.804688 91.34375 245.117188 L 94.273438 242.21875 C 95.007812 242.953125 95.707031 243.492188 97.171875 243.492188 C 99.339844 243.492188 100.738281 242.21875 100.738281 239.609375 L 100.738281 224.574219 L 105.167969 224.574219 L 105.167969 239.800781 C 105.167969 244.800781 101.375 247.441406 97.171875 247.441406"/>
<path fill="#000000" d="M 109.46875 242.539062 L 114.214844 242.539062 L 114.214844 247.25 L 109.46875 247.25 Z M 109.46875 242.539062"/>
<path fill="#000000" d="M 127.84375 243.300781 C 129.851562 243.300781 130.808594 242.027344 130.808594 240.5 C 130.808594 238.972656 129.851562 237.730469 127.84375 237.730469 L 123.226562 237.730469 L 123.226562 243.300781 Z M 127.558594 233.75 C 129.4375 233.75 130.488281 232.695312 130.488281 231.136719 C 130.488281 229.574219 129.4375 228.523438 127.558594 228.523438 L 123.226562 228.523438 L 123.226562 233.75 Z M 128.289062 247.253906 L 118.800781 247.253906 L 118.800781 224.574219 L 127.90625 224.574219 C 132.335938 224.574219 134.914062 227.058594 134.914062 230.945312 C 134.914062 233.460938 133.257812 235.085938 132.113281 235.628906 C 133.480469 236.265625 135.234375 237.699219 135.234375 240.722656 C 135.234375 244.957031 132.335938 247.253906 128.289062 247.253906"/>
<path fill="#000000" d="M 151.191406 233.78125 L 151.191406 232.570312 C 151.191406 231.390625 150.902344 230.402344 150.171875 229.574219 C 149.503906 228.78125 148.417969 228.300781 147.050781 228.300781 C 145.871094 228.300781 144.914062 228.746094 144.246094 229.480469 C 143.578125 230.242188 143.257812 231.136719 143.195312 233.78125 Z M 155.554688 237.472656 L 143.195312 237.472656 C 143.257812 240.433594 143.546875 241.328125 144.246094 242.125 C 144.914062 242.855469 145.871094 243.335938 147.050781 243.335938 L 155.269531 243.335938 L 155.269531 247.25 L 147.050781 247.25 C 144.5 247.25 142.589844 246.390625 141.0625 244.894531 C 138.769531 242.667969 138.769531 240.117188 138.769531 235.816406 C 138.769531 231.519531 138.800781 229.003906 141.0625 226.742188 C 142.589844 225.210938 144.5 224.382812 147.050781 224.382812 C 149.46875 224.382812 151.542969 224.988281 153.417969 226.933594 C 155.074219 228.621094 155.554688 230.53125 155.554688 233.8125 Z M 155.554688 237.472656"/>