<path fill="#000000" d="M 342.832031 29.042969 L 336.171875 29.042969 L 336.171875 36.621094 L 333.628906 36.621094 L 333.628906 19.273438 L 336.171875 19.273438 L 336.171875 26.71875 L 342.832031 26.71875 L 342.832031 19.273438 L 345.375 19.273438 L 345.375 36.621094 L 342.832031 36.621094 Z M 342.832031 29.042969"/>
<path fill="#000000" d="M 357.300781 30.417969 L 354.867188 22.832031 L 354.816406 22.832031 L 352.382812 30.417969 Z M 358.027344 32.742188 L 351.65625 32.742188 L 350.371094 36.621094 L 347.679688 36.621094 L 353.78125 19.273438 L 355.914062 19.273438 L 362.015625 36.621094 L 359.332031 36.621094 Z M 358.027344 32.742188"/>
<path fill="#000000" d="M 363.519531 19.28125 L 366.0625 19.28125 L 366.0625 30.480469 C 366.082031 31.664062 366.414062 32.5625 367.0625 33.179688 C 367.6875 33.828125 368.496094 34.160156 369.492188 34.160156 C 370.492188 34.160156 371.308594 33.828125 371.957031 33.179688 C 372.585938 32.5625 372.914062 31.664062 372.921875 30.480469 L 372.921875 19.28125 L 375.464844 19.28125 L 375.464844 30.75 C 375.425781 32.574219 374.867188 34.027344 373.75 35.085938 C 372.625 36.183594 371.207031 36.75 369.492188 36.761719 C 367.816406 36.742188 366.414062 36.191406 365.277344 35.085938 C 364.128906 34.019531 363.542969 32.5625 363.519531 30.75 L 363.519531 19.273438 Z M 363.519531 19.28125"/>
<path fill="#000000" d="M 382.035156 21.605469 L 377.429688 21.605469 L 377.429688 19.28125 L 389.183594 19.28125 L 389.183594 21.605469 L 384.578125 21.605469 L 384.578125 36.621094 L 382.035156 36.621094 Z M 382.035156 21.605469"/>
<path fill="#000000" d="M 391.359375 19.28125 L 402.097656 19.28125 L 402.097656 21.753906 L 393.902344 21.753906 L 393.902344 26.710938 L 400.898438 26.710938 L 400.898438 29.042969 L 393.902344 29.042969 L 393.902344 34.148438 L 402.097656 34.148438 L 402.097656 36.621094 L 391.359375 36.621094 Z M 391.359375 19.28125"/>
<path fill="#000000" d="M 339.710938 41.457031 L 342.871094 41.457031 L 339.523438 44.996094 L 337.546875 44.996094 Z M 333.628906 45.851562 L 344.359375 45.851562 L 344.359375 48.324219 L 336.171875 48.324219 L 336.171875 53.292969 L 343.160156 53.292969 L 343.160156 55.625 L 336.171875 55.625 L 336.171875 60.730469 L 344.359375 60.730469 L 344.359375 63.203125 L 333.628906 63.203125 Z M 333.628906 45.851562"/>
<path fill="#000000" d="M 358.507812 58.355469 C 358.136719 59.960938 357.4375 61.199219 356.402344 62.066406 C 355.335938 62.921875 354.070312 63.351562 352.605469 63.351562 C 351.289062 63.3125 350.179688 62.980469 349.292969 62.355469 C 348.394531 61.746094 347.75 61.039062 347.339844 60.230469 C 347.21875 59.972656 347.101562 59.722656 347 59.484375 C 346.910156 59.234375 346.832031 58.925781 346.769531 58.554688 C 346.652344 57.859375 346.601562 56.511719 346.601562 54.539062 C 346.601562 52.5625 346.652344 51.175781 346.769531 50.5 C 346.890625 49.8125 347.082031 49.261719 347.339844 48.84375 C 347.75 48.035156 348.394531 47.328125 349.292969 46.699219 C 350.179688 46.074219 351.277344 45.742188 352.605469 45.734375 C 354.230469 45.742188 355.554688 46.242188 356.570312 47.21875 C 357.589844 48.195312 358.238281 49.414062 358.507812 50.859375 L 355.804688 50.859375 C 355.605469 50.160156 355.214844 49.5625 354.675781 49.074219 C 354.109375 48.605469 353.410156 48.367188 352.59375 48.347656 C 351.996094 48.367188 351.476562 48.484375 351.046875 48.714844 C 350.609375 48.953125 350.261719 49.253906 349.992188 49.601562 C 349.664062 49.980469 349.441406 50.460938 349.332031 51.046875 C 349.214844 51.667969 349.144531 52.832031 349.144531 54.546875 C 349.144531 56.261719 349.203125 57.410156 349.332031 58.015625 C 349.441406 58.617188 349.652344 59.105469 349.992188 59.484375 C 350.261719 59.839844 350.621094 60.128906 351.058594 60.351562 C 351.488281 60.609375 351.996094 60.738281 352.605469 60.738281 C 354.039062 60.738281 355.105469 59.953125 355.8125 58.367188 L 358.515625 58.367188 Z M 358.507812 58.355469"/>
<path fill="#000000" d="M 362.703125 54.527344 C 362.703125 56.242188 362.773438 57.390625 362.894531 57.996094 C 363.003906 58.605469 363.222656 59.09375 363.550781 59.460938 C 363.820312 59.820312 364.167969 60.109375 364.609375 60.332031 C 365.035156 60.589844 365.554688 60.71875 366.152344 60.71875 C 366.75 60.71875 367.289062 60.589844 367.730469 60.332031 C 368.148438 60.101562 368.484375 59.820312 368.746094 59.460938 C 369.074219 59.082031 369.304688 58.59375 369.433594 57.996094 C 369.542969 57.398438 369.601562 56.242188 369.601562 54.527344 C 369.601562 52.8125 369.542969 51.65625 369.433594 51.039062 C 369.3125 50.449219 369.085938 49.972656 368.746094 49.59375 C 368.496094 49.234375 368.15625 48.933594 367.730469 48.695312 C 367.28125 48.464844 366.761719 48.347656 366.152344 48.324219 C 365.554688 48.347656 365.035156 48.464844 364.609375 48.695312 C 364.167969 48.933594 363.808594 49.234375 363.550781 49.59375 C 363.222656 49.972656 362.992188 50.449219 362.894531 51.039062 C 362.773438 51.65625 362.703125 52.824219 362.703125 54.527344 M 360.152344 54.527344 C 360.152344 52.511719 360.210938 51.15625 360.320312 50.46875 C 360.441406 49.792969 360.628906 49.234375 360.890625 48.816406 C 361.296875 48.015625 361.945312 47.308594 362.84375 46.679688 C 363.730469 46.054688 364.835938 45.722656 366.152344 45.714844 C 367.5 45.734375 368.605469 46.054688 369.492188 46.691406 C 370.378906 47.320312 371.019531 48.035156 371.40625 48.824219 C 371.695312 49.242188 371.886719 49.792969 371.996094 50.480469 C 372.09375 51.167969 372.144531 52.511719 372.144531 54.527344 C 372.144531 56.542969 372.09375 57.847656 371.996094 58.546875 C 371.886719 59.242188 371.695312 59.800781 371.40625 60.230469 C 371.019531 61.027344 370.378906 61.734375 369.492188 62.34375 C 368.605469 62.980469 367.488281 63.3125 366.152344 63.339844 C 364.835938 63.3125 363.742188 62.980469 362.84375 62.34375 C 361.957031 61.734375 361.296875 61.027344 360.890625 60.230469 C 360.757812 59.972656 360.660156 59.722656 360.558594 59.484375 C 360.460938 59.234375 360.390625 58.925781 360.332031 58.554688 C 360.222656 57.859375 360.160156 56.523438 360.160156 54.539062"/>
<path fill="#000000" d="M 375.585938 45.851562 L 378.128906 45.851562 L 378.128906 60.730469 L 386.3125 60.730469 L 386.3125 63.203125 L 375.585938 63.203125 Z M 375.585938 45.851562"/>
<path fill="#000000" d="M 389.136719 45.851562 L 399.863281 45.851562 L 399.863281 48.324219 L 391.675781 48.324219 L 391.675781 53.292969 L 398.667969 53.292969 L 398.667969 55.625 L 391.675781 55.625 L 391.675781 60.730469 L 399.863281 60.730469 L 399.863281 63.203125 L 389.136719 63.203125 Z M 389.136719 45.851562"/>
<path fill="#000000" d="M 339.703125 77.550781 L 337.507812 83.859375 L 341.824219 83.859375 Z M 343.75 89.78125 L 342.722656 86.710938 L 336.5625 86.710938 L 335.515625 89.78125 L 331.984375 89.78125 L 338.296875 72.433594 L 340.957031 72.433594 L 347.300781 89.78125 Z M 343.75 89.78125"/>
<path fill="#000000" d="M 349.421875 89.78125 L 349.421875 72.433594 L 352.8125 72.433594 L 352.8125 86.761719 L 360.679688 86.761719 L 360.679688 89.78125 Z M 349.421875 89.78125"/>
<path fill="#000000" d="M 370.351562 82.496094 L 366.820312 82.496094 L 366.820312 86.761719 L 370.351562 86.761719 C 371.886719 86.761719 372.613281 85.785156 372.613281 84.617188 C 372.613281 83.453125 371.886719 82.496094 370.351562 82.496094 M 370.132812 75.457031 L 366.820312 75.457031 L 366.820312 79.441406 L 370.132812 79.441406 C 371.566406 79.441406 372.375 78.636719 372.375 77.449219 C 372.375 76.261719 371.566406 75.457031 370.132812 75.457031 M 370.691406 89.78125 L 363.429688 89.78125 L 363.429688 72.433594 L 370.402344 72.433594 C 373.789062 72.433594 375.765625 74.339844 375.765625 77.308594 C 375.765625 79.242188 374.5 80.480469 373.621094 80.898438 C 374.667969 81.386719 376.015625 82.484375 376.015625 84.796875 C 376.015625 88.046875 373.800781 89.792969 370.699219 89.792969"/>
<path fill="#000000" d="M 379.464844 89.78125 L 379.464844 72.433594 L 390.890625 72.433594 L 390.890625 75.457031 L 382.84375 75.457031 L 382.84375 79.523438 L 389.691406 79.523438 L 389.691406 82.542969 L 382.84375 82.542969 L 382.84375 86.761719 L 390.890625 86.761719 L 390.890625 89.78125 Z M 379.464844 89.78125"/>
<path fill="#000000" d="M 400.78125 75.457031 L 397.589844 75.457031 L 397.589844 80.03125 L 400.78125 80.03125 C 402.265625 80.03125 403.242188 79.085938 403.242188 77.738281 C 403.242188 76.390625 402.265625 75.457031 400.78125 75.457031 M 403.414062 89.78125 L 400.023438 82.863281 L 397.589844 82.863281 L 397.589844 89.78125 L 394.210938 89.78125 L 394.210938 72.433594 L 401.007812 72.433594 C 404.539062 72.433594 406.644531 74.847656 406.644531 77.75 C 406.644531 80.179688 405.15625 81.695312 403.472656 82.304688 L 407.351562 89.78125 Z M 403.414062 89.78125"/>
<path fill="#000000" d="M 416.761719 75.457031 L 416.761719 89.773438 L 413.371094 89.773438 L 413.371094 75.457031 L 408.835938 75.457031 L 408.835938 72.433594 L 421.289062 72.433594 L 421.289062 75.457031 Z M 416.761719 75.457031"/>
<path fill="#000000" d="M 336.390625 116.503906 C 334.515625 116.503906 333.222656 116.015625 331.925781 114.726562 L 334.167969 112.503906 C 334.738281 113.0625 335.273438 113.480469 336.390625 113.480469 C 338.046875 113.480469 339.125 112.503906 339.125 110.511719 L 339.125 99.003906 L 342.515625 99.003906 L 342.515625 110.648438 C 342.515625 114.480469 339.613281 116.503906 336.390625 116.503906"/>
<path fill="#000000" d="M 351.90625 104.121094 L 349.710938 110.429688 L 354.03125 110.429688 Z M 355.953125 116.351562 L 354.925781 113.28125 L 348.765625 113.28125 L 347.71875 116.351562 L 344.179688 116.351562 L 350.488281 99.003906 L 353.152344 99.003906 L 359.484375 116.351562 Z M 355.953125 116.351562"/>
<path fill="#000000" d="M 367.179688 116.503906 C 365.324219 116.503906 363.769531 115.875 362.503906 114.597656 C 361.746094 113.839844 361.277344 112.964844 361.089844 111.984375 C 360.890625 111.019531 360.800781 109.574219 360.800781 107.679688 C 360.800781 105.785156 360.898438 104.339844 361.089844 103.363281 C 361.289062 102.363281 361.746094 101.507812 362.503906 100.757812 C 363.769531 99.492188 365.324219 98.855469 367.179688 98.855469 C 370.519531 98.855469 372.984375 100.800781 373.5625 104.339844 L 370.121094 104.339844 C 369.761719 102.851562 368.824219 101.875 367.199219 101.875 C 366.273438 101.875 365.546875 102.164062 365.027344 102.773438 C 364.320312 103.53125 364.179688 104.308594 364.179688 107.667969 C 364.179688 111.027344 364.320312 111.816406 365.027344 112.574219 C 365.535156 113.183594 366.273438 113.472656 367.199219 113.472656 C 368.835938 113.472656 369.761719 112.496094 370.121094 111.007812 L 373.5625 111.007812 C 372.972656 114.539062 370.492188 116.492188 367.179688 116.492188"/>
<path fill="#000000" d="M 383.699219 102.8125 C 383.222656 102.253906 382.464844 101.886719 381.527344 101.886719 C 380.589844 101.886719 379.824219 102.253906 379.332031 102.8125 C 378.675781 103.542969 378.507812 104.347656 378.507812 107.6875 C 378.507812 111.027344 378.675781 111.828125 379.332031 112.566406 C 379.824219 113.121094 380.601562 113.492188 381.527344 113.492188 C 381.945312 113.492188 382.335938 113.402344 382.644531 113.171875 L 381.136719 111.6875 L 382.941406 109.902344 L 384.230469 111.199219 C 384.5 110.441406 384.546875 109.445312 384.546875 107.6875 C 384.546875 104.347656 384.359375 103.542969 383.699219 102.8125 M 386.574219 117.089844 L 385.035156 115.554688 C 384.058594 116.195312 382.882812 116.511719 381.515625 116.511719 C 379.542969 116.511719 378.039062 115.824219 376.820312 114.609375 C 375.066406 112.855469 375.117188 110.679688 375.117188 107.6875 C 375.117188 104.699219 375.066406 102.523438 376.820312 100.769531 C 378.039062 99.542969 379.554688 98.867188 381.515625 98.867188 C 383.480469 98.867188 384.976562 99.542969 386.203125 100.769531 C 387.957031 102.523438 387.929688 104.699219 387.929688 107.6875 C 387.929688 110.300781 387.949219 112.226562 386.851562 113.832031 L 388.335938 115.316406 L 386.550781 117.101562 Z M 386.574219 117.089844"/>
<path fill="#000000" d="M 397.488281 116.503906 C 393.929688 116.503906 391.097656 114.089844 391.097656 110.410156 L 391.097656 99.015625 L 394.488281 99.015625 L 394.488281 110.300781 C 394.488281 112.296875 395.65625 113.492188 397.480469 113.492188 C 399.304688 113.492188 400.5 112.296875 400.5 110.300781 L 400.5 99.015625 L 403.871094 99.015625 L 403.871094 110.410156 C 403.871094 114.089844 401.039062 116.503906 397.488281 116.503906"/>
<path fill="#000000" d="M 413.472656 104.121094 L 411.277344 110.429688 L 415.597656 110.429688 Z M 417.519531 116.351562 L 416.492188 113.28125 L 410.332031 113.28125 L 409.285156 116.351562 L 405.746094 116.351562 L 412.054688 99.003906 L 414.71875 99.003906 L 421.050781 116.351562 Z M 417.519531 116.351562"/>
<path fill="#000000" d="M 429.773438 102.035156 L 426.582031 102.035156 L 426.582031 106.613281 L 429.773438 106.613281 C 431.257812 106.613281 432.238281 105.664062 432.238281 104.320312 C 432.238281 102.972656 431.269531 102.035156 429.773438 102.035156 M 432.40625 116.351562 L 429.015625 109.433594 L 426.582031 109.433594 L 426.582031 116.351562 L 423.191406 116.351562 L 423.191406 99.003906 L 429.992188 99.003906 C 433.523438 99.003906 435.625 101.417969 435.625 104.320312 C 435.625 106.75 434.140625 108.265625 432.457031 108.875 L 436.324219 116.351562 Z M 432.40625 116.351562"/>
<path fill="#000000" d="M 447.601562 103.09375 C 447.011719 102.394531 446.234375 102.027344 445.066406 102.027344 L 442.503906 102.027344 L 442.503906 113.332031 L 445.066406 113.332031 C 446.234375 113.332031 447.011719 112.964844 447.601562 112.253906 C 448.238281 111.476562 448.339844 110.230469 448.339844 107.597656 C 448.339844 104.96875 448.238281 103.871094 447.601562 103.09375 M 449.964844 114.699219 C 448.816406 115.84375 447.191406 116.351562 445.378906 116.351562 L 439.117188 116.351562 L 439.117188 99.003906 L 445.378906 99.003906 C 447.183594 99.003906 448.816406 99.511719 449.964844 100.671875 C 451.90625 102.613281 451.71875 105.007812 451.71875 107.609375 C 451.71875 110.210938 451.90625 112.753906 449.964844 114.699219"/>
<path fill="#E41F13" d="M 0.472656 1.90625 L 17.324219 1.90625 L 17.324219 116.34375 L 0.472656 116.34375 Z M 0.472656 1.90625"/>
<path fill="#000000" d="M 144.613281 59.125 C 144.613281 50.886719 137.933594 44.199219 129.6875 44.199219 C 121.441406 44.199219 114.773438 50.878906 114.773438 59.125 C 114.773438 67.371094 121.453125 74.050781 129.6875 74.050781 C 137.921875 74.050781 144.613281 67.371094 144.613281 59.125"/>
<path fill="#000000" d="M 144.613281 103.332031 C 144.613281 95.097656 137.933594 88.40625 129.6875 88.40625 C 121.441406 88.40625 114.773438 95.085938 114.773438 103.332031 C 114.773438 111.578125 121.453125 118.257812 129.6875 118.257812 C 137.921875 118.257812 144.613281 111.578125 144.613281 103.332031"/>
<path fill="#000000" d="M 144.613281 14.925781 C 144.613281 6.691406 137.933594 0 129.6875 0 C 121.441406 0 114.773438 6.679688 114.773438 14.925781 C 114.773438 23.171875 121.453125 29.851562 129.6875 29.851562 C 137.921875 29.851562 144.613281 23.171875 144.613281 14.925781"/>
<path fill="#000000" d="M 74.402344 1.90625 L 91.253906 1.90625 L 91.253906 116.34375 L 74.402344 116.34375 Z M 74.402344 1.90625"/>
<path fill="#000000" d="M 286.449219 1.90625 L 303.300781 1.90625 L 303.300781 116.34375 L 286.449219 116.34375 Z M 286.449219 1.90625"/>
<path fill="#000000" d="M 217.335938 1.90625 L 168.929688 116.34375 L 186.847656 116.34375 L 235.253906 1.90625 Z M 217.335938 1.90625"/>
<path fill="#E41F13" d="M 60.605469 59.125 C 60.605469 50.886719 53.921875 44.199219 45.679688 44.199219 C 37.433594 44.199219 30.761719 50.878906 30.761719 59.125 C 30.761719 67.371094 37.441406 74.050781 45.679688 74.050781 C 53.914062 74.050781 60.605469 67.371094 60.605469 59.125"/>
<path fill="#000000" d="M 246.910156 95.84375 C 251.894531 87.320312 261.484375 86.382812 267.964844 90.101562 C 276.3125 95.214844 277.039062 105.097656 273.558594 111.128906 C 268.644531 119.183594 259.621094 121.648438 251.613281 116.433594 C 253.128906 124.347656 261.355469 131.210938 270.121094 131.585938 L 270.058594 137.191406 C 256.171875 135.863281 244.039062 125.195312 243.957031 107.886719 C 244.097656 102.785156 245.035156 98.765625 246.917969 95.855469"/>